WindSpeed_m/s	Power_Watts	ThrustCoeff_Ct
0.1	0.034	0.9544580883
0.2	0.274	0.9541437082
0.3	0.924	0.9541786393
0.4	2.191	0.9542223032
0.5	4.279	0.9542568851
0.6	7.395	0.9542485016
0.7	11.743	0.9542527789
0.8	17.528	0.954241952
0.9	24.957	0.9542407391
1	34.235	0.9542443099
1.1	45.567	0.9542502337
1.2	59.158	0.9542485016
1.3	75.214	0.9542497418
1.4	93.941	0.954246363
1.5	115.543	0.9542457071
1.6	140.227	0.9542468642
1.7	168.197	0.9542492268
1.8	199.659	0.9542485016
1.9	234.818	0.9542455987
2	273.88	0.9542474537
2.1	317.051	0.9542470758
2.2	364.535	0.9542476355
2.3	416.538	0.9542465206
2.4	473.266	0.9542463184
2.5	534.923	0.9542468249
2.6	601.715	0.9542460213
2.7	673.849	0.9542476391
2.8	751.528	0.954246363
2.9	834.959	0.9542472555
3	924.347	0.9542471043