WindSpeed_m/s	Power_Watts	ThrustCoeff_Ct	
0.1	0.028000	0.511810859
0.2	0.226000	0.5111820987
0.3	0.761000	0.5113916855
0.4	1.805000	0.5113392888
0.5	3.525000	0.5113581516
0.6	6.092000	0.5113218232
0.7	9.674000	0.511323249
0.8	14.440000	0.5113392888
0.9	20.560000	0.5113295857
1.0	28.203000	0.5113330012
1.1	37.538000	0.5113327933
1.2	48.735000	0.511330556
1.3	61.962000	0.5113346382
1.4	77.389000	0.5113360808
1.5	95.186000	0.5113357957
1.6	115.520000	0.5113343766
1.7	138.562000	0.5113365692
1.8	164.481000	0.5113334669
1.9	193.445000	0.5113336282
2.0	225.625000	0.5113330012
2.1	261.189000	0.511334655
2.2	300.307000	0.5113353915
2.3	343.148000	0.5113354259
2.4	389.880000	0.5113349224
2.5	440.674000	0.5113340072
2.6	495.698000	0.5113346382
2.7	555.122000	0.5113347607
2.8	619.115000	0.5113344768
2.9	687.847000	0.5113353637
3.0	761.485000	0.5113343984
