WindSpeed_m/s	Power_Watts	ThrustCoeff_Ct
0.1	0.03500	0.6526531592
0.2	0.27700	0.6523387791
0.3	0.93400	0.6523737102
0.4	2.21300	0.6524173741
0.5	4.32200	0.6524016551
0.6	7.46800	0.6524086413
0.7	11.8600	0.6524221861
0.8	17.7030	0.6524173741
0.9	25.2060	0.6524047601
1.0	34.5760	0.6524142303
1.1	46.0200	0.6524141264
1.2	59.7470	0.6524086413
1.3	75.9630	0.6524150488
1.4	94.8760	0.6524093542
1.5	116.694	0.6524128331
1.6	141.623	0.6524124619
1.7	169.871	0.6524138387
1.8	201.646	0.6524125226
1.9	237.156	0.6524128021
2.0	276.607	0.6524110865
2.1	320.207	0.6524107800
2.2	368.164	0.6524115282
2.3	420.685	0.6524130655
2.4	477.977	0.6524130077
2.5	540.248	0.6524117153
2.6	607.706	0.6524113284
2.7	680.557	0.6524116601
2.8	759.010	0.6524125622
2.9	843.271	0.6524124211
3.0	933.549	0.6524114358