WindSpeed_m/s	Power_Watts	ThrustCoeff_Ct
0.1	0.036	0.8966121436
0.2	0.289	0.8969265237
0.3	0.976	0.8970313171
0.4	2.313	0.8970051188
0.5	4.518	0.8970145502
0.6	7.808	0.896996386
0.7	12.398	0.8969970989
0.8	18.507	0.8970051188
0.9	26.35	0.8970002672
1	36.146	0.897001975
1.1	48.11	0.8969966747
1.2	62.46	0.896996386
1.3	79.413	0.896999073
1.4	99.185	0.8970035148
1.5	121.993	0.8969977832
1.6	148.054	0.8970002066
1.7	177.586	0.8969994077
1.8	210.804	0.8970002672
1.9	247.926	0.896998805
2	289.168	0.8969988312
2.1	334.748	0.8969999504
2.2	384.883	0.8969992729
2.3	439.789	0.8969996216
2.4	499.683	0.8970007524
2.5	564.782	0.8970004659
2.6	635.303	0.8970009332
2.7	711.462	0.8970002672
2.8	793.478	0.8970003068
2.9	881.566	0.8970009133
3	975.943	0.8970005777