1.048443581690085141e-01
1.720006453269685986e-01
2.320543704779612915e-01
2.888481146011324108e-01
3.403164421221502312e-01
3.823984001915693431e-01
4.139909600886558794e-01
4.356832104101385217e-01
4.490772540211759312e-01
4.560146068034492961e-01
4.578450555527926458e-01
4.556050531037444395e-01
4.499668152163058821e-01
4.414774200361310519e-01
4.306197041705455142e-01
4.176998605151617805e-01
4.027117379825925214e-01
3.855469199015813531e-01
3.660451050254499572e-01
3.441057711806613795e-01
