4.374063217569630624e-02
8.801732741488976774e-02
1.536291376601436331e-01
2.296163248966833215e-01
3.056964755409131151e-01
3.679614513571076162e-01
4.007064825104003636e-01
4.201499587672946623e-01
4.320885756211265138e-01
4.385683040432262203e-01
4.403251264097819972e-01
4.377230673651386073e-01
4.313030559179033552e-01
4.218152692158596007e-01
4.104595031129094074e-01
3.980986615741627932e-01
3.848025082946264219e-01
3.705684800993001016e-01
3.553804301989284542e-01
3.392148730377022581e-01
