#Turbine    Blade    Time(s)    dt(s)    angle-of-attack(degrees)
0 0 0 0.075 -13.308 -13.308 -13.308 -13.308 -13.308 -13.308 -13.308 -12.73675 -12.05125 -11.397625 -10.903375 -10.409125 -9.9461875 -9.5145625 -9.0829375 -8.631 -8.175 -7.7168125 -7.2476875 -6.7785625 -6.3221875 -5.8785625 -5.4349375 -4.9944375 -4.5545625 -4.1215625 -3.7229375 -3.3243125 -2.973875 -2.671625 -2.369375 -2.0711875 -1.7738125 -1.47627548512 -1.17792839582 -0.879581306524 -0.601096568251 -0.345249698167 -0.196747887169 -0.0482460761717 
0 1 0 0.075 -181.034122328 -51.7793847924 -21.3101807146 -17.7173988341 -16.3490179074 -15.6284434927 -15.1838383219 -14.3109274769 -13.4073324697 -12.5886831651 -11.9652116109 -11.3670326579 -10.8186954747 -10.3156506234 -9.82341276614 -9.3193891293 -8.81814877549 -8.32030034282 -7.81612166149 -7.31579151473 -6.8314591055 -6.36264250273 -5.89620063082 -5.43493782322 -4.97608865962 -4.5256815598 -4.11103009124 -3.697601266 -3.33344781524 -3.01845407489 -2.7043327162 -2.39505962548 -2.08730928746 -1.78004104792 -1.47254867266 -1.16559086219 -0.878984428851 -0.61546438076 -0.459701753663 -0.30431911759 
0 2 0 0.075 154.418122328 25.1633847924 -5.30581928544 -8.89860116595 -10.2669820926 -10.9875565073 -11.4321616781 -11.1625725231 -10.6951675303 -10.2065668349 -9.84153838911 -9.4512173421 -9.0736795253 -8.71347437657 -8.34246223386 -7.9426108707 -7.53185122451 -7.11332465718 -6.67925333851 -6.24133348527 -5.8129158945 -5.39448249727 -4.97367436918 -4.55393717678 -4.13303634038 -3.7174434402 -3.33484490876 -2.951023734 -2.61430218476 -2.32479592511 -2.0344172838 -1.74731537452 -1.46031571254 -1.17250992231 -0.883308118978 -0.593571750858 -0.323208707651 -0.0750350155741 0.0662059793242 0.207826965246 

0 0 0.075 0.075 -13.6516281207 -13.6335043609 -13.640437039 -13.6495891019 -13.5827020814 -13.4407106679 -13.0677572374 -11.9429802291 -10.8426226205 -9.88961775526 -9.31441509374 -8.72235787978 -8.14131163822 -7.42377236124 -6.59855495919 -5.70839953294 -5.07939925804 -4.78340847842 -4.54038301009 -4.44194362861 -4.4540116308 -4.28491052914 -4.31584378914 -4.24495100285 -4.27793942994 -4.18430763808 -4.0377219259 -3.78071038765 -3.57079597993 -3.37435294631 -3.2852214692 -3.12429812246 -2.95374089514 -2.92436498738 -2.81477735911 -2.58617276974 -2.3185443325 -2.08924056426 -1.54554803317 -0.889225967601 
0 1 0.075 0.075 -184.400520277 -139.098402488 -24.911849362 -18.7475020016 -16.754291204 -15.5720953778 -14.9067222777 -13.6695679699 -12.2674456822 -11.3772177392 -10.6072499405 -9.77924936083 -9.10973166654 -8.47495529555 -7.25917604018 -6.6432374253 -6.09094391167 -5.50639377511 -5.19739367275 -4.87045839202 -4.78140608345 -4.58850695191 -4.37876953956 -4.66201073245 -4.43846542087 -4.21667012598 -4.18656064975 -3.88947229861 -3.67654686913 -3.58540000288 -3.37898817254 -3.24225559956 -3.25407718053 -3.10008584482 -2.88088050944 -2.83473130616 -2.55537128903 -2.19330329004 -1.6092027537 -1.09664331039 
0 2 0.075 0.075 146.349367179 3.32712123554 -7.32352532147 -9.6595751625 -10.6530416302 -11.1180697863 -11.3906416825 -10.8723121236 -9.91342914959 -9.31796972024 -8.83430371787 -8.1414033073 -7.70611945961 -7.23679357482 -6.14766383802 -5.73744838227 -5.31157643233 -4.9581769046 -4.71737782679 -4.45194272833 -4.35290003012 -4.17324028029 -3.96627784342 -4.20690043779 -4.00521311013 -3.83757611052 -3.80420341664 -3.52766965247 -3.31714853698 -3.24629138917 -3.04735741568 -2.86734530866 -2.93192622092 -2.71846348427 -2.50298848732 -2.59885204991 -2.25495867721 -1.91512911508 -1.42652873298 -0.828212847067 

0 0 0.15 0.075 -13.9767238022 -13.9433326804 -13.9473540024 -13.9527792986 -13.8771243399 -13.5904114494 -12.9423068135 -11.4865840992 -10.0299760611 -8.87931768944 -8.19834861565 -7.59354850925 -7.0259241246 -6.3092669026 -5.57120812772 -4.80551506018 -4.41280691951 -4.37186369101 -4.36351238183 -4.38683219408 -4.30875075975 -4.24566650686 -4.30453547838 -4.35435218797 -4.31835397953 -4.17410511574 -3.97423095389 -3.76300614442 -3.47625704469 -2.83962026047 -2.56222958402 -2.22910267738 -1.96869766844 -1.70817785604 -1.45590741083 -1.17404138771 -0.96443264023 -0.73770318569 -0.531668143788 -0.313468519233 
0 1 0.15 0.075 -186.247588861 -171.489691602 -31.919847049 -20.0300000891 -17.2198575129 -15.2721524945 -14.3913173354 -13.1477165899 -11.8502855489 -10.2412651175 -9.53555351096 -8.99451861035 -7.65965833332 -7.32153917703 -6.69012121098 -5.36081314184 -5.13916652442 -5.42882032219 -4.62682692703 -4.59736231913 -5.09899132413 -4.48158978162 -4.8799003876 -4.78349715244 -4.66585313454 -4.41023276195 -4.17459194569 -3.78106391932 -3.4879597882 -3.21341460518 -2.9523404736 -2.65990330251 -2.41685230661 -2.02574727306 -1.89692508824 -1.58621331601 -1.24217364813 -1.11261395632 -0.800723912169 -0.499256562128 
0 2 0.15 0.075 105.460519917 -3.38817606873 -8.66807893665 -10.2564802513 -11.0335341366 -11.3213772198 -11.4245744429 -10.8971129418 -9.46272022078 -8.74458746302 -8.19893375183 -7.417203322 -6.89453559009 -6.28786022939 -5.84292205055 -4.95678811707 -5.0747789477 -4.81657749276 -4.2259953624 -4.66500694883 -4.46982145802 -4.05078163451 -4.30028519443 -4.11724584746 -3.92070601661 -3.76020638992 -3.51466590796 -3.3411785507 -2.86536083679 -2.61731388465 -2.45770605645 -2.06226759254 -1.82107059326 -1.65157813041 -1.28615443425 -1.04998581594 -0.902713346347 -0.600722458304 -0.408488408681 0.0140738294416 

