#Turbine    Blade    Time(s)    dt(s)    axial force (N)
0 0 0 0.075 0 0 0 0 0 0 0 -1008.57650295 -1096.21792134 -1564.59463245 -1718.4601199 -1873.06045778 -2026.88314895 -2175.74110148 -2320.95897355 -4145.71205155 -4414.8617287 -3686.3730361 -3495.3890344 -3244.40998528 -2955.143028 -2626.91765477 -2249.35150585 -956.29922659 -488.644545306 4.05174220005 490.602304962 1012.04672915 924.633141228 1342.3261141 1776.92972794 2220.18146548 2648.2272905 3075.42562064 3507.19651188 3937.70308612 4271.10991136 4454.64029765 3959.15659985 3327.58981562 
0 1 0 0.075 -0.704875807089 -0.253030939814 -1.18516049729 -2.24469479423 -2.3773413335 -3.24585782584 -4.17669131543 -267.07401602 -335.709739545 -493.204885177 -596.152907492 -703.934161433 -816.177195439 -932.439588188 -1049.90254714 -1955.35135293 -2137.96119805 -2083.30055101 -2061.296544 -1999.1243546 -1899.18514432 -1767.26117699 -1592.61544649 -847.85878138 -584.053437125 -288.776439865 10.3317392857 339.565854536 343.747820316 581.612134207 876.452652562 1186.87135661 1510.92473026 1830.21746751 2152.00431777 2479.46528062 2748.13077262 2918.25465299 2630.13013692 2239.48372265 
0 2 0 0.075 0.704875807089 0.253030939814 1.18516049729 2.24469479423 2.3773413335 3.24585782584 4.17669131543 -191.322614133 -244.029931351 -447.170826257 -545.652428936 -648.462114762 -755.444123685 -865.739362226 -977.757409429 -1845.39764467 -1991.80605408 -1577.9929709 -1531.14842827 -1445.65303712 -1327.54498628 -1178.8780542 -1013.01960519 -274.764608438 -5.21626979027 293.420076525 600.96203686 939.241761712 884.5900884 1165.84879661 1464.43829769 1756.44977003 2057.07150191 2367.31637489 2684.44128128 3004.58616716 3257.99294007 3402.19135629 3035.22021225 2560.77170075 

0 0 0.075 0.075 -1.07653427112 -1.45080414426 -2.01621422909 -2.73483522133 -1.98635820494 -1.21393254557 2.73559323001 -899.773796042 -920.429007213 -1447.48775705 -1583.28812348 -1712.07988609 -1835.71794074 -1939.46922546 -2022.35571067 -2591.34557507 -2273.48542614 -1179.47818178 -1036.32442117 -1004.13715591 -1073.82756605 -949.693299253 -1030.16424273 -129.543767603 -172.776011301 -69.7276704391 105.801029549 431.700087573 282.650431055 503.976827209 615.042865629 811.256990348 1034.59126188 1091.3194591 1261.03219959 1604.23428025 1974.07130102 2223.69220304 2496.66086711 2590.62029391 
0 1 0.075 0.075 -1.02256992273 -0.205711731642 -0.892241286188 -1.96638280526 -2.13186024679 -2.63918130668 -3.0750193743 -223.425142858 -269.641198159 -429.066836187 -519.822451726 -612.504938403 -707.683900719 -804.545633779 -874.284216419 -1454.65523194 -1428.83230824 -848.888685807 -802.977488417 -725.31591065 -741.507176657 -690.719385362 -613.365311102 -334.202838202 -206.625070386 -64.0453013705 -45.6221942232 181.75132066 106.656991775 174.071737021 328.991721606 441.845313139 446.754030643 579.898645452 789.343875307 852.208761327 1129.51089629 1451.29530992 1705.77643836 1709.18753909 
0 2 0.075 0.075 0.397457382187 0.510422160063 1.4242023012 2.44150300039 2.50864897342 3.53256742581 4.78951642806 -202.563676123 -234.781279049 -462.829884354 -556.608149564 -645.938939215 -745.904736889 -845.089653099 -914.388797216 -1264.87397159 -1236.12784235 -690.555768754 -641.956265696 -560.279509327 -550.569853023 -483.155370248 -382.74278438 -53.4611715068 84.0203356714 212.394272396 249.202246386 486.371525897 363.18616948 429.072984733 594.561776377 774.344723116 734.837587841 964.574082345 1202.94597114 1126.56504824 1481.06045559 1778.07709553 1917.19163937 1942.97456204 

0 0 0.15 0.075 -2.01477544971 -2.71930342558 -3.71137919803 -4.9368985854 -3.93357051017 -2.47997631768 4.02303259281 -827.817761634 -796.176477464 -1358.56280876 -1480.61783174 -1600.0651051 -1716.60437188 -1813.46358168 -1891.60932881 -1893.33843387 -1737.75293022 -825.643567392 -871.712459969 -945.534385664 -920.308405433 -902.400247267 -1011.49841783 -247.070327749 -217.280636464 -57.4247455979 182.131894848 451.697385872 381.111082029 1115.18962189 1508.44822392 1989.99583539 2381.24943783 2753.46719777 3117.62960132 3520.34181412 3767.02085859 3928.56376531 3571.59812302 3076.64170688 
0 1 0.15 0.075 -1.32158406027 -0.46192489603 -0.584230858112 -1.64848172452 -1.88754978292 -1.8890655682 -1.79919899474 -188.912380489 -231.564918279 -375.258877322 -459.84306172 -550.269860339 -618.218002898 -716.268926381 -804.628295932 -971.003368366 -1019.08838029 -781.060404679 -530.543570656 -568.158399347 -875.911855512 -610.93741401 -893.854812281 -398.508382008 -348.151585269 -193.84574982 -35.8209300254 258.864417111 226.249496647 421.405166911 627.741793644 903.250889489 1149.75004264 1544.12842975 1690.2024138 2001.32847322 2312.82376602 2372.2681726 2275.96331146 2038.31906899 
0 2 0.15 0.075 0.143899670767 0.777021400138 1.64261570879 2.61814252794 2.57355223492 3.67405359484 5.26108765015 -223.699818864 -235.889268384 -486.489866238 -578.114248086 -663.241705784 -757.152161048 -846.159330482 -943.117685394 -1022.46118669 -1190.25081985 -653.765434521 -419.998047174 -695.873384106 -638.20984066 -420.848682767 -619.88015277 5.77431656757 147.337002697 277.065768812 486.702938026 656.238183215 713.463838089 960.741960783 1141.50911863 1553.06682046 1819.27289666 2024.08884074 2411.71738795 2684.76965537 2829.87605943 3037.90228808 2762.33754231 2524.72634567 

