#Turbine    Blade    Time(s)    dt(s)    Cd
0 0 0 0.075 0.5 0.5 0.5 0.5 0.35 0.35 0.35 0.10228375 0.09885625 0.0677136375 0.0623434125 0.0574503375 0.0530513046525 0.050254452074 0.0474575994955 0.0421085 0.0269545454545 0.0153237132353 0.0110071601942 0.0100962378641 0.00932328431373 0.00897534313725 0.00862740196078 0.00689555 0.00654365 0.006348625 0.006189175 0.0059945875 0.006373875 0.006071625 0.005769375 0.0054711875 0.0053547625 0.00529525509702 0.00523558567916 0.0052 0.0052 0.0052 0.0052 0.0052 
0 1 0 0.075 0.5 0.5 0.5 0.5 0.35 0.35 0.35 0.112649605311 0.106247661053 0.0816408029303 0.0740138488809 0.0673740625027 0.0615050851995 0.0565249411719 0.0522557463994 0.0626176425412 0.0483779839788 0.0241985344532 0.0167841420808 0.0111394009995 0.0101989497194 0.00935501372763 0.00898917696535 0.00733493782322 0.00688087092769 0.00652054524784 0.0063444120365 0.0061790405064 0.00666675825219 0.00641476325991 0.0061043327162 0.00579505962548 0.00548730928746 0.00535600820958 0.00529450973453 0.00523311817244 0.0052 0.0052 0.0052 0.0052 
0 2 0 0.075 0.5 0.5 0.5 0.5 0.35 0.35 0.35 0.0956690038308 0.0944903350606 0.0554450116659 0.052373197185 0.0498439868131 0.0473976094801 0.0450635447271 0.0426594525916 0.0248419170064 0.0211077384047 0.0107462614703 0.00990340454079 0.00925986940021 0.00892385560353 0.00858206811614 0.00728946974767 0.00654314974142 0.00635321453615 0.00618697737608 0.00600090694525 0.0057902047468 0.00601430218476 0.00572479592511 0.0054344172838 0.0053494630749 0.00529206314251 0.00523450198446 0.0052 0.0052 0.0052 0.0052 0.0052 0.0052 

0 0 0.075 0.075 0.5 0.5 0.5 0.5 0.35 0.35 0.35 0.098400430802 0.094785245241 0.0526847428536 0.0489575327823 0.0451211082344 0.0413560328126 0.0367065070044 0.0313592462602 0.0110001588791 0.00982703881287 0.00721336339137 0.00711615320404 0.00708838872572 0.00709080232616 0.00705698210583 0.00706316875783 0.00639798040114 0.00641117577198 0.00637372305523 0.00631508877036 0.00621228415506 0.00685663678394 0.00669948235705 0.00662817717536 0.00649943849797 0.00635374089514 0.00632436498738 0.00621477735911 0.00598617276974 0.0057185443325 0.00548924056426 0.00530910960663 0.0052 
0 1 0.075 0.075 0.5 0.5 0.5 0.5 0.35 0.35 0.35 0.107952191804 0.0999372284109 0.0674871169047 0.0594117744114 0.0519695754547 0.0476312208886 0.0435179838658 0.035639952368 0.0165817930681 0.0141484899296 0.00868344609813 0.00794152943644 0.00724818335681 0.00721256243338 0.00713540278076 0.00707575390791 0.00662960858596 0.00647538616835 0.00638666805039 0.0063746242599 0.00625578891944 0.0069412374953 0.0068683200023 0.00670319053803 0.00659380447965 0.00660326174442 0.00648006867586 0.00628088050944 0.00623473130616 0.00595537128903 0.00559330329004 0.00532184055074 0.00521932866208 
0 2 0.075 0.075 0.5 0.5 0.5 0.5 0.35 0.35 0.35 0.0948446242473 0.0930956714575 0.0489805661244 0.0458464971853 0.0413566268119 0.0385360655567 0.0354949180072 0.0284375526724 0.0110698761174 0.0101985222917 0.00728327076184 0.00718695113071 0.00709038854567 0.00707058000602 0.00703464805606 0.00699325556868 0.00638276017512 0.00630208524405 0.00623503044421 0.00622168136666 0.00611106786099 0.00665371882959 0.00659703311133 0.00643788593255 0.00626734530866 0.00633192622092 0.00611846348427 0.00590298848732 0.00599885204991 0.00565495867721 0.00538302582302 0.0052853057466 0.0052 

0 0 0.15 0.075 0.5 0.5 0.5 0.5 0.35 0.35 0.35 0.0968030443473 0.0931599521221 0.0461381796468 0.0417256221956 0.0378066259904 0.034128521794 0.0294847115438 0.0247022230697 0.00950551506018 0.0091825613839 0.0070743727382 0.00707270247637 0.00707736643882 0.00706175015195 0.00704913330137 0.00706090709568 0.00644174087519 0.00642734159181 0.0063696420463 0.00628969238156 0.00620520245777 0.00678100563576 0.00623962026047 0.00596222958402 0.00562910267738 0.00539373953369 0.00534163557121 0.00529118148217 0.00523480827754 0.0052 0.0052 0.0052 0.0052 
0 1 0.15 0.075 0.5 0.5 0.5 0.5 0.35 0.35 0.35 0.104560157834 0.0980759994211 0.0557885246629 0.0503904700598 0.0468846609505 0.0382350057922 0.0360440543086 0.0319525791474 0.0102773010269 0.00992266643908 0.00862260417427 0.00715073077081 0.00713894492765 0.00762172180342 0.00709631795632 0.00725196015504 0.00672679772195 0.00663268250764 0.00646409310478 0.00636983677828 0.00621242556773 0.00679036783056 0.00657073168414 0.0063523404736 0.00605990330251 0.00581685230661 0.00542574727306 0.00537938501765 0.0053172426632 0.00524843472963 0.00522252279126 0.0052 0.0052 
0 2 0.15 0.075 0.5 0.5 0.5 0.5 0.35 0.35 0.35 0.0948942258837 0.093073136011 0.0452651519465 0.0417294137731 0.0366639408085 0.0332771476577 0.0293460001411 0.0264628805518 0.00965678811707 0.00981964631631 0.00722663099711 0.00704519907248 0.00716600277953 0.0070939642916 0.0070101563269 0.00706005703889 0.00634689833898 0.00626828240665 0.00620408255597 0.00610586636318 0.00600470713042 0.00626536083679 0.00601731388465 0.00585770605645 0.00546226759254 0.00536421411865 0.00533031562608 0.00525723088685 0.00520999716319 0.0052 0.0052 0.0052 0.0052 

