#Turbine    Blade    Time(s)    dt(s)    Cl
0 0 0 0.075 0 0 0 0 0 0 0 -0.44015375 -0.40930625 -0.5069525 -0.497164125 -0.487773375 -0.478853769619 -0.469659963565 -0.460466157511 -0.761863 -0.755666666667 -0.590575 -0.527108373786 -0.46243288835 -0.399382965686 -0.337623406863 -0.275863848039 -0.112276875 -0.055093125 0.00044 0.051464 0.102839375 0.091265625 0.129046875 0.166828125 0.2041015625 0.2390115625 0.273228319212 0.307538234481 0.341727731056 0.373474991219 0.402641534409 0.419570740863 0.436499947316 
0 1 0 0.075 0 0 0 0 0 0 0 -0.506437099077 -0.469107963728 -0.530773663301 -0.518304232218 -0.506340653158 -0.495555214019 -0.485997361845 -0.476238612732 -0.783206968947 -0.764295934081 -0.671040045709 -0.603816221532 -0.536497470963 -0.469725430078 -0.405014936654 -0.34007891135 -0.169541917019 -0.10989152575 -0.0513386027739 0.00178814832069 0.0547070379518 0.0529879793999 0.0860623221368 0.124958410475 0.163617546815 0.202086339068 0.238295279489 0.273656902644 0.308957050848 0.341795775111 0.371837060593 0.389594000082 0.407307620595 
0 2 0 0.075 0 0 0 0 0 0 0 -0.367640908585 -0.345063208984 -0.483924769864 -0.476624696629 -0.468310683296 -0.460268958499 -0.452596427304 -0.444693702291 -0.740174058047 -0.712790081634 -0.508584564388 -0.448741722396 -0.388126818537 -0.328484369627 -0.270296518403 -0.216419714208 -0.0550118329815 -0.00102865156906 0.0521672396543 0.101470161862 0.151171009516 0.136212226905 0.172400509361 0.208697839525 0.242058731931 0.275063693058 0.308161358934 0.341302874437 0.374332820402 0.405154207328 0.433446008225 0.449547481643 0.465692274038 

0 0 0.075 0.075 0 0 0 0 0 0 0 -0.40432007077 -0.352288508404 -0.477648808688 -0.465396734059 -0.452785649906 -0.440409104401 -0.425125196035 -0.407547695319 -0.481843130876 -0.39295709761 -0.190543553064 -0.157492089373 -0.144104333491 -0.145745581789 -0.122747831963 -0.126954755322 -0.0153537283653 -0.0195762470323 -0.00759137767467 0.0111715934852 0.0440690703804 0.0280664221073 0.0486929406376 0.0580517457343 0.0749486971413 0.0937823881069 0.0974543765776 0.111152830111 0.139728403782 0.173181958437 0.201844929468 0.265261976186 0.340628239693 
0 1 0.075 0.075 0 0 0 0 0 0 0 -0.480121854734 -0.419035055698 -0.506544354783 -0.49153774887 -0.475297912394 -0.461036885274 -0.447515863919 -0.421619220587 -0.615037633601 -0.536892665372 -0.285811682417 -0.245167693276 -0.202382341315 -0.19027122735 -0.16403694546 -0.13551265738 -0.069061395218 -0.0401235738709 -0.0117337761259 -0.00787976316804 0.0301475457783 0.0169625787413 0.0265329996976 0.0482062418833 0.0625631620458 0.0613218960443 0.077490986294 0.10288993632 0.10865858673 0.143578588871 0.188837088745 0.257941683324 0.316886019305 
0 2 0.075 0.075 0 0 0 0 0 0 0 -0.353743294058 -0.306541601204 -0.465472449198 -0.455170146457 -0.440411056994 -0.431139315844 -0.421142464038 -0.397943512245 -0.486142360576 -0.424997547662 -0.214312059026 -0.181563384443 -0.145464211053 -0.131994404097 -0.107560678119 -0.079548675331 -0.0104832560374 0.0153327219036 0.0367902578537 0.0410619626696 0.076458284484 0.0546994036168 0.0621394041376 0.0830274713534 0.104581836417 0.0965092223851 0.123192064467 0.150126439085 0.138143493761 0.181130165348 0.222760151765 0.278949195708 0.347583735434 

0 0 0.15 0.075 0 0 0 0 0 0 0 -0.382869452664 -0.312468826992 -0.456128964237 -0.441624017598 -0.428741504121 -0.416650850188 -0.401385729988 -0.385664747115 -0.355550048184 -0.303013671859 -0.134573461977 -0.133437683929 -0.136609178394 -0.125990103327 -0.117410644933 -0.12541682506 -0.02935708006 -0.0247493093798 -0.0062854548145 0.0192984379017 0.0463352135145 0.0379930103071 0.108047467441 0.142721301997 0.184362165328 0.21659976813 0.246559546556 0.275570647755 0.307985240413 0.332054679014 0.357901836831 0.381389831608 0.406264588807 
0 1 0.15 0.075 0 0 0 0 0 0 0 -0.458204096774 -0.399963420798 -0.484584037232 -0.470107081511 -0.458582795512 -0.430149673019 -0.422947583367 -0.409498097543 -0.431792213574 -0.401204980371 -0.275012240933 -0.169248462076 -0.165241275402 -0.232621393826 -0.1494962103 -0.203666452713 -0.0848546298172 -0.0695609074907 -0.0365097935297 -0.00634776904802 0.0440238183271 0.0367642222394 0.0655914664563 0.0939574408002 0.130512087186 0.160893461674 0.209781590867 0.224853614852 0.260585468659 0.300150030465 0.315049395023 0.350717474013 0.385084751917 
0 2 0.15 0.075 0 0 0 0 0 0 0 -0.35495853415 -0.28333009137 -0.453259149997 -0.441636481261 -0.424985272554 -0.413852215484 -0.400929758249 -0.391452375516 -0.376123183921 -0.392319494782 -0.195054539016 -0.114735369287 -0.174440945041 -0.147895718291 -0.0909063022928 -0.124838786442 0.000992531525396 0.0261496298733 0.0466935820904 0.0781227637811 0.100646788408 0.104829895401 0.135835764419 0.155786742943 0.205216550933 0.233576881775 0.253068515002 0.295092240061 0.322251631167 0.339090678516 0.373517639753 0.39543232141 0.443604416556 

