#Turbine    Blade    Time(s)    dt(s)    drag (N)
0 0 0 0.075 184.911837494 264.43976135 362.04093965 479.330152401 432.491797112 545.333916113 675.193331649 234.598175808 265.012404442 209.181975487 215.696846044 220.820728397 224.768485385 233.029963464 239.435787324 229.353605439 157.627650515 95.7418438685 73.0608027861 70.9022698003 69.05123414 69.900216595 70.4135304251 58.787629573 58.0937296203 58.5170403124 59.057132684 59.0491961361 64.6367206635 63.2162946418 61.5096564926 59.57132923 59.3868251069 59.6595472739 59.7640201865 59.9762952198 59.5245491172 57.5852108858 49.1150259705 39.6791612554 
0 1 0 0.075 3.31889660181 0.407108743948 8.52153466482 29.2242164371 44.8551866544 80.2441545242 127.717598745 59.1243776258 75.7222376856 75.7087422473 85.0014008813 93.5601868534 101.21554652 108.387002315 115.157651995 156.340997645 135.368765755 75.1735851352 57.338986798 41.5414895272 41.2691551386 40.8524803283 42.1295059225 36.7049656592 36.5895505303 36.6806557081 37.5966923783 38.4188469021 43.3253876446 43.4128736196 42.869279386 42.0861430088 41.0723820854 41.1812854437 41.6797381089 42.0413007246 41.852822602 40.8527108463 35.1409135919 28.6201157419 
0 2 0 0.075 3.31889660181 0.407108743948 8.52153466482 29.2242164371 44.8551866544 80.2441545242 127.717598745 50.2120739258 67.3428434991 51.4163499922 60.1481370942 69.2167363304 77.9996472117 86.4096879252 94.0099938153 62.024214432 59.0625788988 33.3836333386 33.8326010043 34.5322668364 36.1095986811 37.477098281 34.163501296 32.7427569736 33.7836978405 34.8042040014 35.5610970905 36.0012188735 39.0852590884 38.743416074 38.1646223544 38.8500347781 39.6109692424 40.247048164 40.935733247 41.7752392673 41.852822602 40.8527108463 35.1409135919 28.6201157419 

0 0 0.075 0.075 179.670984692 255.617447411 347.829080027 459.161971659 414.699454249 524.596380614 653.03831214 219.951601619 249.353238402 160.331171607 167.265311733 171.352027596 173.142864561 168.260818662 156.429622131 59.3613656196 57.0696481947 44.8393944155 47.0229356457 49.5804978124 52.4045148786 54.7602398408 57.4414935881 54.3338151663 56.7280083608 58.5453525313 60.051687994 60.9838499166 69.2975161814 69.5289304562 70.4282101832 70.5423577435 70.2730995037 71.0285258134 70.7158024982 68.9117490749 65.3408184317 60.6099073881 50.0546988782 39.5989910167 
0 1 0.075 0.075 6.61036132276 0.253842959547 4.44006532074 20.7633628088 35.4980785653 66.8688295171 110.323331406 50.1067367517 64.3115799373 57.2219336038 62.930534246 67.1204747848 73.3011449052 78.4626740444 74.2118858465 39.3161879752 37.750391443 25.8648097532 26.0819382698 26.0469378749 28.1738026422 30.1111774337 32.0935432652 32.1310922223 33.3891652982 34.8614749662 36.703850085 37.8296424084 43.9102264283 45.2958085389 45.9102632338 46.722769044 48.3036656978 48.6742488982 48.3401734518 49.0701794367 46.9884271056 43.0915007592 35.2556688551 28.1915181486 
0 2 0.075 0.075 1.14441249857 1.78467242264 13.6732507299 38.4044520757 54.2092990564 92.5341656045 143.286616492 54.8702144687 72.2388941587 48.9681359494 56.3588328164 60.9888080842 67.0192786401 71.5904541946 65.7324244456 28.8997642087 29.7640427203 23.5563218728 25.5046521809 27.4126653228 29.5925724625 31.7050219639 33.7667819947 32.8590806031 34.4329915204 36.0000225609 37.8030938278 38.9224529158 44.2536529062 45.6468539162 46.1913955297 46.4920830932 48.3322562829 48.0152078626 47.4008081691 49.0534473822 46.3444366762 43.0530431993 36.3831924662 29.1040390102 

0 0 0.15 0.075 172.792906682 245.471771017 332.919424653 439.125309133 396.390377142 503.620237863 630.922204694 210.713755397 240.275608227 138.299970079 140.810120147 142.015490544 141.518042574 134.09961505 121.982571267 50.8700907882 52.9305497404 43.652748787 46.4307235395 49.1815208287 51.766365224 54.3452184487 57.0756284357 54.4023418953 56.5420804144 58.1952739122 59.5020907932 60.6127790067 68.1949825071 64.4734998034 63.085185663 60.823482852 59.3594299377 59.7155628066 59.9243506142 59.8980843837 59.0550683824 57.1399930506 48.7475061947 39.4198739738 
0 1 0.15 0.075 10.762190261 1.24403852606 1.83229761954 14.0967354529 27.6942129824 55.1687414436 95.2545138236 43.0806380421 56.8859668953 43.3529999087 49.4779317077 56.4719180962 55.244214996 61.3443506665 63.104463655 23.202637132 25.2969063713 24.5626570921 22.5037835654 24.6279618934 28.7528106014 29.070016612 31.8703367724 31.6310456478 33.2220392979 34.3230867376 35.6984326845 36.6068229867 41.8993135354 42.2971218501 42.5126839572 42.0017209434 41.6265326857 39.9868195643 40.4901725164 40.8893824745 40.4911084848 39.374442044 33.7844427929 27.5544888672 
0 2 0.15 0.075 0.164318375471 4.51478475291 20.3252714095 49.2287281633 64.9088351324 106.084829047 160.229130586 60.4102254314 78.8124549376 48.9085593494 54.9833583531 57.6110412704 61.2885730221 62.3492423224 64.1649066207 26.3738281491 29.9042710906 24.3213611651 25.9340892998 28.6765423458 30.7051824569 32.5809914073 35.1359614405 33.667889164 35.2601984417 36.8181237324 38.0650771272 39.1899401492 42.6774116861 42.5981562773 42.9650877585 41.3773320069 41.8211548488 42.6764169891 43.0085315848 43.4495963275 43.4419723709 42.3361005324 36.361814417 29.6230698648 

