#Turbine    Blade    Time(s)    dt(s)    lift (N)
0 0 0 0.075 0 0 0 0 0 0 0 -1009.53735882 -1097.26227189 -1566.08519854 -1720.09727136 -1874.84489469 -2028.81413046 -2177.81389774 -2323.17011673 -4149.66160991 -4419.06770196 -3689.884989 -3498.71903967 -3247.50088654 -2957.95834892 -2629.42028024 -2251.49442965 -957.210278675 -489.110069714 4.05560223473 491.069694499 1013.01089106 925.514025503 1343.60492827 1778.62258252 2222.29659942 2650.75021735 3078.355533 3510.53776596 3941.45447743 4275.1789344 4458.88416737 3962.9284296 3330.75996107 
0 1 0 0.075 0 0 0 0 0 0 0 -265.804555701 -334.331169059 -492.207389249 -595.247868978 -703.138928561 -815.508045477 -931.903617964 -1049.50219278 -1955.4769857 -2138.61324427 -2084.60913626 -2062.79297376 -2000.72733466 -1900.70273702 -1768.66279559 -1593.84519462 -848.409406044 -584.356482856 -288.800022285 10.5964842689 340.14687448 344.353981525 582.439688411 877.553249363 1188.25895142 1512.61153648 1832.20516857 2154.2973015 2482.06821587 2750.98421959 2921.2599843 2632.82482554 2241.76754692 
0 2 0 0.075 0 0 0 0 0 0 0 -192.95708893 -245.925021485 -448.762559329 -547.380895882 -650.327936405 -757.439389437 -867.857073299 -979.985669349 -1848.03429145 -1994.49223918 -1579.93555863 -1533.01822472 -1447.41769941 -1329.18317902 -1180.3599142 -1014.29259504 -275.286238152 -5.46993236172 293.46143371 601.307487463 939.921961124 885.204969093 1166.74633523 1465.63537831 1757.93159466 2058.8453297 2369.39160442 2686.82373546 3007.27752652 3260.93214726 3405.27777721 3037.98253998 2563.10899675 

0 0 0.075 0.075 0 0 0 0 0 0 0 -903.764814928 -926.77167421 -1453.58957766 -1590.0460129 -1719.49985746 -1843.83483446 -1948.75294209 -2032.97398955 -2600.22301293 -2282.06316707 -1184.44851114 -1040.69434299 -1007.95326947 -1077.13149486 -952.489409416 -1032.46446657 -130.389058235 -173.216512044 -69.7300272243 106.233351702 432.610857289 283.657046657 505.347712386 616.833322633 813.463779648 1037.2439166 1094.5036721 1264.76961716 1608.52836536 1978.79919153 2228.68761873 2500.91057175 2593.94896224 
0 1 0.075 0.075 0 0 0 0 0 0 0 -222.851791908 -269.657333004 -429.496009998 -520.649878664 -613.863424225 -709.503785619 -806.868522877 -877.923661227 -1458.28229282 -1432.51388534 -851.328459626 -805.191077229 -727.277444802 -743.239875891 -692.230799322 -614.645646136 -334.713283595 -206.889999376 -64.0485366461 -45.3701479858 182.306482999 107.305170561 174.982189803 330.165350637 443.31374701 448.577154916 582.064132792 791.882182869 855.192643657 1132.84826918 1454.82430168 1708.78974755 1711.61820661 
0 2 0.075 0.075 0 0 0 0 0 0 0 -204.650190413 -237.865262025 -465.354322674 -559.538018433 -649.476214667 -749.807888372 -849.411182607 -919.832735032 -1269.15599086 -1240.34098302 -693.150647383 -644.322033749 -562.389734831 -552.437560221 -484.773884213 -384.099043927 -53.9688388195 83.7740942634 212.420793227 249.493526923 486.976097394 363.803834191 429.961204566 595.716483532 775.803340856 736.665006387 966.76111537 1205.51048938 1129.61855802 1484.42737733 1781.6192514 1920.2412807 1945.40203757 

0 0 0.15 0.075 0 0 0 0 0 0 0 -833.402097438 -805.911078175 -1367.25424776 -1490.33442056 -1610.50962441 -1727.69313337 -1825.5451405 -1904.45926132 -1902.77571666 -1746.64557739 -830.391858964 -875.988808092 -949.314580597 -923.574122998 -905.176122269 -1013.78534085 -247.928927508 -217.72258735 -57.4261099656 182.568134423 452.605064234 382.086789549 1116.44588613 1510.10619562 1992.06687888 2383.73371211 2756.35465798 3120.92718246 3524.04996346 3771.05995689 3932.79009026 3575.34676518 3079.78824824 
0 1 0.15 0.075 0 0 0 0 0 0 0 -188.788208161 -231.986480373 -376.567974307 -461.593750698 -552.35656062 -621.505882486 -719.825928724 -808.734646865 -974.839407904 -1022.83442525 -783.409656021 -532.635178333 -570.050038913 -877.560090888 -612.410174348 -895.057101589 -399.007191849 -348.419391339 -193.859956808 -35.5747586547 259.411095896 226.850107819 422.225466264 628.804926746 904.590715737 1151.38507706 1546.05406403 1692.45399362 2003.89178569 2315.62514757 2375.26855145 2278.61431485 2040.54105955 
0 2 0.15 0.075 0 0 0 0 0 0 0 -225.968702174 -239.918208579 -489.742132414 -581.90745365 -667.790846716 -762.217122391 -851.825343527 -949.159902389 -1027.23680952 -1194.75062015 -656.459682556 -422.352481784 -698.068825985 -640.144893326 -422.503766786 -621.288293075 5.26500340861 147.096298267 277.103031335 487.03146316 656.874936324 714.063997206 961.617298297 1142.6642132 1554.53998132 1821.04120487 2026.15721669 2414.10054081 2687.46850555 2832.83997834 3041.01545139 2765.12243954 2527.10088922 

