#Turbine    Blade    Time(s)    dt(s)    tangential force (N)
0 0 0 0.075 -184.911837494 -264.43976135 -362.04093965 -479.330152401 -432.491797112 -545.333916113 -675.193331649 -234.598175808 -265.012404442 -209.181975487 -215.696846044 -220.820728397 -224.768485385 -233.029963464 -239.435787324 -229.353605439 -157.627650515 -95.7418438685 -73.0608027861 -70.9022698003 -69.05123414 -69.900216595 -70.4135304251 -58.787629573 -58.0937296203 -58.5170403124 -59.057132684 -59.0491961361 -64.6367206635 -63.2162946418 -61.5096564926 -59.57132923 -59.3868251069 -59.6595472739 -59.7640201865 -59.9762952198 -59.5245491172 -57.5852108858 -49.1150259705 -39.6791612554 
0 1 0 0.075 3.24303524743 -0.318733155015 -8.4385585304 -29.1377172504 -44.7920221041 -80.1783552993 -127.649155987 -51.8001141407 -67.7887835391 -65.4611701349 -73.9559777643 -81.7921307259 -88.7856228007 -95.3473056846 -101.584928247 -132.83589401 -111.354671682 -53.2129462096 -36.8714331961 -22.7802882366 -24.373415143 -25.9081396998 -29.2969323645 -30.1812200686 -32.2894771362 -34.6427935362 -37.6676045782 -40.6341128834 -45.4855927308 -46.9377442927 -47.9987948089 -48.8022289397 -49.3480573513 -50.8944802193 -52.7567372201 -54.4307345389 -55.1947113895 -54.6292645348 -47.2236156546 -38.6389679198 
0 2 0 0.075 3.24303524743 -0.318733155015 -8.4385585304 -29.1377172504 -44.7920221041 -80.1783552993 -127.649155987 -55.4938717958 -73.1440179296 -60.7333942629 -70.2815886881 -80.079156884 -89.5245484078 -98.5348992501 -106.66686205 -84.2227014866 -81.4466902344 -50.0226978695 -49.0398334271 -48.1021392334 -47.922416606 -47.4482549594 -42.3279297535 -34.8582188717 -33.8230255962 -32.7335108713 -31.487360093 -29.8767956171 -33.5292189128 -31.6800729397 -29.5957460118 -28.9125214609 -28.3453550168 -27.6847160519 -27.1193530685 -26.7630277977 -26.0366819196 -24.7925632893 -21.1980427252 -17.1645196363 

0 0 0.075 0.075 -179.667753381 -255.613322376 -347.823225279 -459.153811524 -414.69468795 -524.594973396 -653.032571459 -232.4507575 -268.84612242 -198.529254457 -211.291423679 -221.891923039 -231.130049746 -239.245299946 -244.40605387 -191.861423594 -180.222676239 -105.395024463 -96.1263960323 -90.633920893 -87.4911935346 -81.2286347531 -77.5952166014 -56.0347381798 -57.5636304023 -58.4689554431 -60.6344274054 -64.4279036007 -72.2489081816 -75.7215930242 -80.2785877696 -85.4812662502 -91.6173119695 -98.665305463 -106.814481337 -116.785145466 -124.61732365 -128.409004183 -108.90933678 -77.6669990044 
0 1 0.075 0.075 6.53063812139 0.148452898286 -4.34931810313 -20.6698621878 -35.4338833606 -66.8166282093 -110.280386665 -46.4720632934 -63.2936193626 -57.3749052369 -65.6205863638 -73.8647314652 -83.6509465846 -93.0892364361 -102.114448966 -89.8745715906 -89.8196777359 -58.6808904464 -54.8723536713 -50.2483204681 -48.148197515 -45.6883010039 -43.4175862348 -34.072527451 -33.8083127657 -34.7551101804 -36.335528564 -39.6260257042 -45.2228752654 -48.0806127257 -51.7207028126 -55.7732663133 -59.8754684129 -65.1486791751 -71.8517762134 -78.2183764358 -85.5933923404 -89.9857562435 -77.3657542971 -59.5042130113 
0 2 0.075 0.075 1.07303609305 -1.70997901466 -13.5987340119 -38.3266178932 -54.1511106783 -92.4665830611 -143.206393954 -61.4994269044 -81.0617874748 -65.8230617515 -76.5237934401 -86.640089062 -96.2755078707 -105.292970087 -112.748780492 -92.9305960191 -91.6885713269 -56.8894450107 -53.9252380111 -50.2208504596 -48.558939522 -46.117411077 -43.6002015508 -33.5977611717 -33.6281988497 -34.9467215324 -38.1569267779 -40.6506049539 -46.4324866024 -49.9569194006 -53.2371254892 -57.267481346 -63.2115036721 -68.9619244956 -75.2650805159 -82.9226690775 -89.1676804352 -91.8463676853 -77.5871780101 -55.5832594378 

0 0 0.15 0.075 -172.781137689 -245.456679801 -332.898697381 -439.097503627 -396.370822107 -503.614120114 -630.909353816 -228.846581415 -268.551050521 -198.241647333 -210.988182882 -220.954385911 -229.353575179 -235.962970469 -238.407122612 -177.705589034 -167.423474048 -92.029430477 -90.4491219747 -88.754947663 -84.1831369959 -80.1166446399 -77.0644345352 -57.1686513492 -57.4391840889 -58.1425873152 -60.3022411775 -64.0764063532 -71.5425394516 -67.7467159342 -68.1677568271 -66.3136596616 -67.4670738183 -70.8712782108 -75.0652293907 -78.0083563247 -82.9675608443 -84.0765026968 -69.6461051662 -53.6757555583 
0 1 0.15 0.075 10.6805816935 1.15492445356 -1.73647292215 -13.999831361 -27.6296904934 -55.1363279613 -95.2374879756 -41.7254164766 -57.6993058811 -50.9436579408 -60.482408801 -70.0907505337 -79.9963693817 -88.8443754574 -96.8144231801 -78.7741247546 -79.4312284867 -55.8186568182 -46.8358912044 -46.3061825646 -47.4796908485 -43.9915431978 -40.5393253841 -33.0998142727 -32.5452114078 -33.3459409898 -35.4168957133 -38.6736154692 -43.9330059625 -46.2877406125 -48.9082537493 -51.2940361614 -54.5458208787 -54.8115539921 -61.7247946104 -65.5997542127 -66.3973449873 -71.1820094815 -57.8018380193 -43.6158289381 
0 2 0.15 0.075 0.0790818547695 -4.44728773188 -20.2586605681 -49.1589253277 -64.8576987067 -106.021066548 -160.142569235 -67.6331836013 -89.5674632612 -71.5251713141 -82.3787698537 -92.3879590562 -101.77920223 -110.196931702 -117.707723453 -92.1481913397 -94.4758031049 -57.5051236432 -48.161934407 -54.4019080733 -51.38134357 -46.0403343669 -47.4318998924 -33.583340056 -33.6307648741 -35.0697547424 -36.2944579878 -39.3833014863 -41.3249491319 -41.6866127544 -44.7266445882 -41.1353179953 -43.323152221 -48.8754551002 -47.5684483655 -51.4422455388 -58.3539543732 -55.8950385652 -46.5802443449 -26.8743567279 

