#Turbine    Blade    Time(s)    dt(s)    Vaxial(m/s)
0 0 0 0.075 0 0 0 0 0 0 0 0 0 0 0 0 0 0 0 0 0 0 0 0 0 0 0 0 0 0 0 0 0 0 0 0 0 0 0 0 0 0 0 0 
0 1 0 0.075 -0.302203980447 -0.302203980447 -0.302203980447 -0.302203980447 -0.302203980447 -0.302203980447 -0.302203980447 -0.302203980447 -0.302203980447 -0.302203980447 -0.302203980447 -0.302203980447 -0.302203980447 -0.302203980447 -0.302203980447 -0.302203980447 -0.302203980447 -0.302203980447 -0.302203980447 -0.302203980447 -0.302203980447 -0.302203980447 -0.302203980447 -0.302203980447 -0.302203980447 -0.302203980447 -0.302203980447 -0.302203980447 -0.302203980447 -0.302203980447 -0.302203980447 -0.302203980447 -0.302203980447 -0.302203980447 -0.302203980447 -0.302203980447 -0.302203980447 -0.302203980447 -0.302203980447 -0.302203980447 
0 2 0 0.075 0.302203980447 0.302203980447 0.302203980447 0.302203980447 0.302203980447 0.302203980447 0.302203980447 0.302203980447 0.302203980447 0.302203980447 0.302203980447 0.302203980447 0.302203980447 0.302203980447 0.302203980447 0.302203980447 0.302203980447 0.302203980447 0.302203980447 0.302203980447 0.302203980447 0.302203980447 0.302203980447 0.302203980447 0.302203980447 0.302203980447 0.302203980447 0.302203980447 0.302203980447 0.302203980447 0.302203980447 0.302203980447 0.302203980447 0.302203980447 0.302203980447 0.302203980447 0.302203980447 0.302203980447 0.302203980447 0.302203980447 

0 0 0.075 0.075 -0.0627297161931 -0.069150497274 -0.080470305778 -0.0928886234902 -0.0830435315419 -0.0442037689374 0.0875337154984 0.314505611895 0.517487605442 0.693104859069 0.779940095442 0.879923124274 0.996983182215 1.21926895875 1.52504058432 1.88548075996 2.094533912 2.07703917354 2.00105676851 1.7996420809 1.49795524679 1.32605595953 0.965772473675 0.669821540588 0.255822872245 -0.0599580457603 -0.310508113202 -0.464266648451 -0.625625662556 -0.75824031512 -1.01634025337 -1.20122653989 -1.38254344005 -1.74097065617 -2.01829584575 -2.15824628925 -2.22504931497 -2.31194180853 -1.83078085869 -1.16738511401 
0 1 0.075 0.075 -0.310645346203 -0.311141732513 -0.315187913915 -0.314075124318 -0.304629025593 -0.269175021125 -0.239390739296 -0.16841963313 -0.0457856643644 0.00495147556822 0.0809428465806 0.191644598908 0.280166735808 0.380284052365 0.723411171459 0.850228942249 0.956052674171 1.08361994209 1.06854537854 1.053470815 0.898230918121 0.791639657668 0.680696908545 0.224443165285 0.0819622129063 -0.0700597699797 -0.355858963336 -0.451217551583 -0.582650834181 -0.785946519265 -0.899508592807 -1.07928584008 -1.41050905274 -1.59650888055 -1.72691981786 -2.04436946684 -2.10384644065 -2.04637376112 -1.60705755813 -1.2256240831 
0 2 0.075 0.075 0.2901908458 0.291160215118 0.286693412866 0.286735057142 0.29008012475 0.306278698796 0.327176443208 0.375764639811 0.497042963518 0.547797417985 0.609143717908 0.73710010559 0.797436690198 0.881059476794 1.22637889428 1.29840722137 1.37355050688 1.40902476546 1.37063417659 1.33224358773 1.1882527233 1.08140002258 0.976566121043 0.547992735468 0.399217865487 0.215152156669 -0.0640777276059 -0.166627538457 -0.291865238249 -0.506300077051 -0.618266722824 -0.750794679748 -1.1273175611 -1.24840607112 -1.3725987875 -1.83249765562 -1.81465753027 -1.77126984185 -1.42635297965 -0.928199633718 

0 0 0.15 0.075 -0.119714879245 -0.132263088176 -0.151407602231 -0.171464528846 -0.16820556538 -0.0921665511722 0.130966076869 0.488784916269 0.856796928274 1.14849420452 1.31927848477 1.46040737332 1.60494665293 1.86132560721 2.1441358867 2.45694677603 2.53549487436 2.35942492765 2.12471130706 1.83606553124 1.60782077208 1.3542964619 0.972574244405 0.570466353867 0.217814739373 -0.050074408961 -0.247240841763 -0.445151570723 -0.525242679848 -0.180874079894 -0.213573401936 -0.179732945887 -0.22779902109 -0.278192223327 -0.341999517277 -0.37131648584 -0.469357893139 -0.519083584655 -0.453347017938 -0.367340158894 
0 1 0.15 0.075 -0.314650840258 -0.315599438325 -0.321268690833 -0.319550264053 -0.305364729904 -0.212118176007 -0.150740374799 -0.0699106616874 0.0404056546384 0.268583778364 0.359940347359 0.415613806517 0.741914307876 0.779243462351 0.924235247447 1.36443995051 1.36099562718 1.09688005149 1.33689319746 1.17984460333 0.700806469274 0.844602195771 0.352130597362 0.14028308275 -0.0774371961207 -0.209728492282 -0.342019788444 -0.359975063312 -0.421005757805 -0.46040615667 -0.513436091073 -0.536644965974 -0.606099419083 -0.535182295688 -0.721130457856 -0.730479397871 -0.682555113061 -0.840697384599 -0.680590145194 -0.522252355615 
0 2 0.15 0.075 0.277268907137 0.27867385284 0.271206263467 0.27158032023 0.271954376992 0.297506347977 0.339858371837 0.388933662804 0.628627342272 0.726403186853 0.824179031433 1.00365329463 1.11770143991 1.28066615389 1.38633490723 1.68587463582 1.51901446549 1.51103768995 1.66682283922 1.23133732564 1.13666861102 1.17698238748 0.766000653654 0.619581914354 0.467382999637 0.277550762104 0.16634425638 -0.0139894767561 0.0933715275674 0.0484006405602 -0.0814452931839 0.00850047933344 -0.046493809358 -0.177967069514 -0.113167085482 -0.183450209527 -0.334178257018 -0.290857987399 -0.24753771778 0.0748244970402 

