#Turbine    Blade    Time(s)    dt(s)    Vmag(m/s)
0 0 0 0.075 10.6109249992 12.3803121887 14.1496993783 15.9190865678 17.6884737573 19.4578609469 21.2272481364 22.996635326 24.7660225155 26.535409705 28.3047968946 30.0741840841 31.8435712736 33.6129584632 35.3823456527 37.1517328423 38.9211200318 40.6905072213 42.4598944109 44.2292816004 45.9986687899 47.7680559795 49.537443169 51.3068303586 53.0762175481 54.8456047376 56.6149919272 58.3843791167 60.1537663062 61.9231534958 63.6925406853 65.4619278749 67.2313150644 69.0007022539 70.7700894435 72.539476633 74.3088638225 76.0782510121 77.8476382016 79.6170253912 
0 1 0 0.075 1.42156836053 0.485761882713 2.17083731835 3.93072089721 5.69649549581 7.46398132024 9.23219559026 11.0007870508 12.7695989801 14.5385509092 16.3075972792 18.0767103631 19.8458723199 21.615071149 23.3842984814 25.1535483027 26.9228161791 28.6920987706 30.4613935132 32.2306984058 34.0000118637 35.769332616 37.5386596313 39.3079920637 41.0773292134 42.8466704958 44.6160154194 46.3853635675 48.1547145846 49.9240681657 51.6934240475 53.4627820015 55.2321418287 57.0015033546 58.7708664258 60.5402309068 62.3095966774 64.0789636309 65.8483316719 67.6177007151 
0 2 0 0.075 1.42156836053 0.485761882713 2.17083731835 3.93072089721 5.69649549581 7.46398132024 9.23219559026 11.0007870508 12.7695989801 14.5385509092 16.3075972792 18.0767103631 19.8458723199 21.615071149 23.3842984814 25.1535483027 26.9228161791 28.6920987706 30.4613935132 32.2306984058 34.0000118637 35.769332616 37.5386596313 39.3079920637 41.0773292134 42.8466704958 44.6160154194 46.3853635675 48.1547145846 49.9240681657 51.6934240475 53.4627820015 55.2321418287 57.0015033546 58.7708664258 60.5402309068 62.3095966774 64.0789636309 65.8483316719 67.6177007151 

0 0 0.075 0.075 10.4594744093 12.1720426323 13.8691969486 15.5805837755 17.3208083398 19.0843110338 20.8760801175 22.7023266638 24.5336613142 26.3371204717 28.1272071213 29.8933764827 31.6544634509 33.4201269845 35.1820922636 36.9797216273 38.7861253394 40.5868345875 42.3649363287 44.1409099177 45.9494871093 47.6811805481 49.4491253403 51.2071157563 52.9877273894 54.7507545844 56.5177068121 58.2842330209 60.0521001603 61.823440152 63.5854249211 65.3578882438 67.1392465722 68.8913848873 70.6574447867 72.4700039321 74.2409934057 75.966547484 77.7770568009 79.5365531344 
0 1 0.075 0.075 2.00624278106 0.383575428815 1.566978548 3.31321497905 5.06761773471 6.81358536992 8.5805140787 10.3451699987 12.1340608145 13.9018489861 15.6613025131 17.433041028 19.1916190859 20.9597112574 22.730717751 24.512134484 26.2900141104 28.0952438422 29.8670404247 31.6390441527 33.4058053447 35.1623958909 36.9290399655 38.6843645424 40.4497006096 42.2061946706 43.9784752248 45.7450806809 47.5104697431 49.2827308202 51.0499611289 52.8089094825 54.6018613333 56.3399947989 58.1107278 59.9219894871 61.692911707 63.4553634885 65.1963787314 66.9851118739 
0 2 0.075 0.075 0.834761063791 1.01706210794 2.74981996069 4.5060038293 6.26236418304 8.01520985684 9.7787296211 11.5496087554 13.3243498874 15.0954695148 16.8717971819 18.6282794925 20.401790396 22.1683105439 23.9490719709 25.7209463865 27.4955536731 29.2762016696 31.0464315641 32.8171012975 34.5786349166 36.3384734405 38.1022551301 39.8694374214 41.6380716535 43.4082810335 45.1774216698 46.9473270683 48.7155127924 50.4803212848 52.250470968 54.0329446534 55.7759878524 57.5870985834 59.3566501622 61.0783031895 62.8750468355 64.6540011754 66.4592243172 68.1869614603 

0 0 0.15 0.075 10.2573185437 11.9280375033 13.5686905828 15.2368434018 16.934133362 18.6988728286 20.5195357403 22.4030547289 24.2921213801 26.1386139635 27.9543214333 29.730630915 31.502807568 33.2892070452 35.0046584966 36.8260046828 38.6417171091 40.4376628351 42.2264298662 43.9971696371 45.7627028478 47.5265888647 49.2992878811 51.0650591502 52.8342525845 54.6042989466 56.3719506136 58.1397879301 59.903761912 61.6882656151 63.4513185964 65.2119222965 66.9725036417 68.7327332877 70.4916729357 72.2507481145 74.0152400799 75.7835823215 77.5558306623 79.3564664908 
0 1 0.15 0.075 2.55988950869 0.849151405878 1.00662191244 2.72998364099 4.47606039843 6.1888560221 7.97301179867 9.74682687904 11.5198395202 13.3087993875 15.0787379714 16.8353095629 18.5958021205 20.3637893359 22.1371676032 23.9188508208 25.6983148134 27.4753140741 29.2366016905 30.9996523677 32.8289967021 34.6441526744 36.3505649857 38.1038849557 39.8670321465 41.6274548277 43.388244103 45.1564449284 46.9225646933 48.6899758026 50.4630719644 52.2289915723 54.0054711436 55.8066082979 57.4673243697 59.2308966891 61.0041202407 62.7731243992 64.5649222528 66.3469381903 
0 2 0.15 0.075 0.316310751539 1.61765812274 3.35263711187 5.10164315496 6.85256765247 8.58203895467 10.3407100897 12.1154803767 13.9190784416 15.6932243516 17.4673861133 19.2288591243 20.995141258 22.7525071157 24.5287376343 26.3076108834 28.0869009216 29.8641540151 31.6200971381 33.3875467835 35.1645729092 36.9013396756 38.6827516641 40.4709911342 42.248711249 44.0080913261 45.7616169955 47.5237506015 49.3004553159 51.0605025729 52.8293625871 54.6016417486 56.3691670096 58.1667085922 59.9116472121 61.682277588 63.4815221039 65.2319657361 66.9824494671 68.7922853498 

