#Turbine    Blade    Time(s)    dt(s)    Vradial(m/s)
0 0 0 0.075 0 0 0 0 0 0 0 0 0 0 0 0 0 0 0 0 0 0 0 0 0 0 0 0 0 0 0 0 0 0 0 0 0 0 0 0 0 0 0 0 
0 1 0 0.075 -6.92160911596 -6.92160911596 -6.92160911596 -6.92160911596 -6.92160911596 -6.92160911596 -6.92160911596 -6.92160911596 -6.92160911596 -6.92160911596 -6.92160911596 -6.92160911596 -6.92160911596 -6.92160911596 -6.92160911596 -6.92160911596 -6.92160911596 -6.92160911596 -6.92160911596 -6.92160911596 -6.92160911596 -6.92160911596 -6.92160911596 -6.92160911596 -6.92160911596 -6.92160911596 -6.92160911596 -6.92160911596 -6.92160911596 -6.92160911596 -6.92160911596 -6.92160911596 -6.92160911596 -6.92160911596 -6.92160911596 -6.92160911596 -6.92160911596 -6.92160911596 -6.92160911596 -6.92160911596 
0 2 0 0.075 6.92160911596 6.92160911596 6.92160911596 6.92160911596 6.92160911596 6.92160911596 6.92160911596 6.92160911596 6.92160911596 6.92160911596 6.92160911596 6.92160911596 6.92160911596 6.92160911596 6.92160911596 6.92160911596 6.92160911596 6.92160911596 6.92160911596 6.92160911596 6.92160911596 6.92160911596 6.92160911596 6.92160911596 6.92160911596 6.92160911596 6.92160911596 6.92160911596 6.92160911596 6.92160911596 6.92160911596 6.92160911596 6.92160911596 6.92160911596 6.92160911596 6.92160911596 6.92160911596 6.92160911596 6.92160911596 6.92160911596 

0 0 0.075 0.075 -0.677392543342 -0.671631697038 -0.6655759835 -0.65974565583 -0.663388045358 -0.648759131245 -0.643465619957 -0.655179769912 -0.64536986119 -0.647469891421 -0.651844444284 -0.649122235892 -0.643076576042 -0.632714265415 -0.689543632657 -0.68252124763 -0.67877961411 -0.676712527146 -0.653301587174 -0.658245206179 -0.661511710421 -0.665941294027 -0.668030681563 -0.666634369915 -0.671159407794 -0.676338248446 -0.681878895234 -0.684893934957 -0.687704807378 -0.690848199941 -0.69323114853 -0.694730309358 -0.698611434535 -0.698942530926 -0.701943825972 -0.707516675164 -0.686436642222 -0.676167510671 -0.663772595916 -0.64759770746 
0 1 0.075 0.075 -6.53512039249 -6.54361019158 -6.54214676839 -6.545184045 -6.54823480445 -6.54651371805 -6.55123819576 -6.5409785269 -6.54402819176 -6.5426275016 -6.5436111725 -6.54584500566 -6.54792916666 -6.54841140352 -6.54878664177 -6.55041268628 -6.5468894029 -6.5577240147 -6.54775042682 -6.53777683895 -6.54794516633 -6.55639152114 -6.56666754243 -6.55587271873 -6.5555139116 -6.55338875905 -6.55139796916 -6.54969248456 -6.54719705872 -6.54584034883 -6.54504424878 -6.54243473445 -6.54025335121 -6.5363338104 -6.54685215559 -6.54566584259 -6.56027576674 -6.53616252105 -6.53857796002 -6.54411521116 
0 2 0.075 0.075 7.23031363677 7.23964015632 7.24039890262 7.24048194354 7.24098478672 7.24492355175 7.24216690395 7.24970982264 7.24608687927 7.24759517619 7.24618762979 7.24690908737 7.24610744834 7.24661472939 7.247883758 7.24616442134 7.24821911499 7.2371136187 7.24400507242 7.25089652615 7.24234939841 7.23432507882 7.22506635111 7.23414488847 7.23339471868 7.23298190727 7.23614556511 7.23791542122 7.2402515377 7.24183723715 7.24262728722 7.24435478208 7.24917839672 7.24894770441 7.24127887115 7.25174046317 7.23214609523 7.25730415438 7.24795594932 7.24942698185 

0 0 0.15 0.075 -1.36718112283 -1.35381540937 -1.32989847423 -1.30796565559 -1.28550560842 -1.25774728647 -1.25217619061 -1.25936695005 -1.26975973716 -1.27967004415 -1.29412070472 -1.29494570959 -1.29079578808 -1.27942904019 -1.31278748 -1.30894402539 -1.31763040907 -1.32861594599 -1.30700920475 -1.32759602683 -1.34237841165 -1.35206698142 -1.34929785297 -1.35760062086 -1.36074796841 -1.36214636112 -1.36390664119 -1.36883211467 -1.36678878959 -1.37092664467 -1.37339633768 -1.37232854413 -1.37354912549 -1.37433516312 -1.3746521317 -1.36733896198 -1.36178629731 -1.35528828648 -1.34904510228 -1.34117740964 
0 1 0.15 0.075 -6.10160091366 -6.11259150223 -6.11279053891 -6.11973426994 -6.12527319458 -6.12073308225 -6.11592955389 -6.11126653167 -6.10913504793 -6.11891004196 -6.11917152283 -6.12156682908 -6.12296602535 -6.12877696608 -6.12746921256 -6.13156402972 -6.12008064437 -6.11736395537 -6.12510397453 -6.10698803193 -6.15564008049 -6.14837572724 -6.14434032877 -6.14231774072 -6.1328783877 -6.12865949546 -6.12444060323 -6.12337316308 -6.12044571721 -6.11318036242 -6.11200704993 -6.09998508706 -6.11136416893 -6.11050085487 -6.12744970041 -6.10328846925 -6.10225873596 -6.12380226545 -6.11673383157 -6.11817574593 
0 2 0.15 0.075 7.48177639831 7.49822258977 7.50629718241 7.50610746138 7.50591774035 7.51874953206 7.51336200448 7.53481565556 7.5189603914 7.52070870206 7.52245701273 7.52019679151 7.52244803626 7.52653691098 7.52639923662 7.52740723809 7.51556525438 7.51469327769 7.51885439332 7.50843817938 7.51425049805 7.52166343331 7.52217856609 7.47133066058 7.48328649362 7.48360926095 7.4899722524 7.50209038372 7.50008933954 7.50494387702 7.50877903664 7.50972870741 7.51196320534 7.50703195492 7.51996166353 7.51490349533 7.54727613133 7.52336651649 7.49945690166 7.486492355 

