#Turbine    Blade    Time(s)    dt(s)    Vtangential(m/s)
0 0 0 0.075 10.6109249992 12.3803121887 14.1496993783 15.9190865678 17.6884737573 19.4578609469 21.2272481364 22.996635326 24.7660225155 26.535409705 28.3047968946 30.0741840841 31.8435712736 33.6129584632 35.3823456527 37.1517328423 38.9211200318 40.6905072213 42.4598944109 44.2292816004 45.9986687899 47.7680559795 49.537443169 51.3068303586 53.0762175481 54.8456047376 56.6149919272 58.3843791167 60.1537663062 61.9231534958 63.6925406853 65.4619278749 67.2313150644 69.0007022539 70.7700894435 72.539476633 74.3088638225 76.0782510121 77.8476382016 79.6170253912 
0 1 0 0.075 -1.3890750008 0.380312188733 2.14969937827 3.91908656781 5.68847375735 7.45786094688 9.22724813642 10.996635326 12.7660225155 14.535409705 16.3047968946 18.0741840841 19.8435712736 21.6129584632 23.3823456527 25.1517328423 26.9211200318 28.6905072213 30.4598944109 32.2292816004 33.9986687899 35.7680559795 37.537443169 39.3068303586 41.0762175481 42.8456047376 44.6149919272 46.3843791167 48.1537663062 49.9231534958 51.6925406853 53.4619278749 55.2313150644 57.0007022539 58.7700894435 60.539476633 62.3088638225 64.0782510121 65.8476382016 67.6170253912 
0 2 0 0.075 -1.3890750008 0.380312188733 2.14969937827 3.91908656781 5.68847375735 7.45786094688 9.22724813642 10.996635326 12.7660225155 14.535409705 16.3047968946 18.0741840841 19.8435712736 21.6129584632 23.3823456527 25.1517328423 26.9211200318 28.6905072213 30.4598944109 32.2292816004 33.9986687899 35.7680559795 37.537443169 39.3068303586 41.0762175481 42.8456047376 44.6149919272 46.3843791167 48.1537663062 49.9231534958 51.6925406853 53.4619278749 55.2313150644 57.0007022539 58.7700894435 60.539476633 62.3088638225 64.0782510121 65.8476382016 67.6170253912 

0 0 0.075 0.075 10.4592862998 12.1718462055 13.8689634987 15.5803068804 17.3206092652 19.0842598406 20.8758966016 22.7001480649 24.5282030336 26.327998792 28.1163915518 29.8804232372 31.6387591554 33.397878239 35.1490237028 36.9316229529 38.7295293869 40.5336533032 42.3176511865 44.1042086058 45.925063916 47.6627375846 49.4396933693 51.2027347237 52.9871098339 54.7507217541 56.5168538403 58.2823839192 60.0488411727 61.8187902166 63.5773018843 65.3468485123 67.1250102713 68.8693831312 70.6286130804 72.437859182 74.2076428504 75.9313588823 77.7555065963 79.5279856182 
0 1 0.075 0.075 -1.98204681212 -0.224323275385 1.53495223014 3.29829506165 5.05845338635 6.8082663286 8.57717400597 10.3437989699 12.1339744323 13.9018481043 15.6610933418 17.4319876041 19.1895739853 20.9562611177 22.7192034577 24.4973845075 26.272624635 28.0743387166 29.8479197685 31.6215008204 33.3937271347 35.1534833471 36.9227659377 38.6837134375 40.4496175705 42.2061365231 43.977035456 45.7428552807 47.5068969015 49.2764633996 51.0420357701 52.79787934 54.5836397218 56.3173700853 58.0850620503 59.8871052696 61.6570286751 63.422358123 65.1765691464 66.9738983363 
0 2 0.075 0.075 -0.782697455365 0.97449528503 2.73483394436 4.49687152548 6.25564214787 8.00935592965 9.77325475865 11.5434944162 13.3150759748 15.0855267678 16.8607972551 18.613690668 20.3861998932 22.1507951679 23.9176512868 25.6881533339 27.4612241314 29.2422747646 31.01616151 32.7900482554 34.5582124561 36.3223791343 38.0897383111 39.8656712506 41.6361577973 43.4077478319 45.1773762272 46.9470313664 48.7146384705 50.4777822141 52.2468129424 54.0277282075 55.7645942873 57.5735651626 59.3407776411 61.0508073071 62.8488546643 64.6297336458 66.4439163055 68.1806435774 

0 0 0.15 0.075 10.2566199137 11.9273041865 13.567845808 15.2358786017 16.9332979543 18.6986456832 20.5191177901 22.3977219934 24.2770068207 26.1133701578 27.9231730123 29.6947406944 31.4618980818 33.237129429 34.9389295452 36.7439523383 38.5584435226 40.3687712171 42.1729413381 43.9588421076 45.7344496447 47.5072892324 49.2896934959 51.0618726072 52.8338036005 54.6042759864 56.3714084262 58.1380837372 59.9014591753 61.6880004472 63.4509591576 65.2116746118 66.972116225 68.732170301 70.4908433033 72.2497939594 74.0137518793 75.7818045557 77.5545056473 79.3556162795 
0 1 0.15 0.075 -2.54047813323 -0.788324238263 0.953978041094 2.71121712683 4.46563199023 6.18521986204 7.97158669784 9.74657615316 11.5197686589 13.306088978 15.0744413415 16.8301786456 18.5809961968 20.3488745571 22.1178656 23.8799021817 25.6622500017 27.4534103095 29.2060198416 30.9771918293 32.8215157292 34.6338557145 36.3488593882 38.1036267221 39.86695694 41.6269264947 43.3868960494 45.1550100933 46.9206759494 48.6877989832 50.4604599212 52.2262345267 54.002069932 55.8040420546 57.4627996279 59.2263921106 61.0003016785 62.7674945712 64.5613350433 66.3448826942 
0 2 0.15 0.075 -0.152231549536 1.59347377946 3.34164970733 5.09440938777 6.8471690682 8.57688070294 10.3351236784 12.109235953 13.9048758472 15.6764035723 17.4479312973 19.2026483405 20.9653690627 22.7164362137 24.4895293025 26.2535372304 28.0457946657 29.8259025033 31.5761340991 33.3648331123 35.146197125 36.882564747 38.6751667004 40.4662481784 42.246125921 44.0072160871 45.7613146624 47.5237485424 49.3003668964 51.0604796332 52.8292998063 54.601641087 56.3691478354 58.1664363372 59.9115403314 61.6820047864 63.4806425103 65.2313172903 66.9819920702 68.792244657 

