#Turbine    Blade    Time(s)    dt(s)    x-location(m)
0 0 0 0.075 200 200 200 200 200 200 200 200 200 200 200 200 200 200 200 200 200 200 200 200 200 200 200 200 200 200 200 200 200 200 200 200 200 200 200 200 200 200 200 200 
0 1 0 0.075 198.037074915 196.706828163 195.376581411 194.046334659 192.716087907 191.385841155 190.055594403 188.725347651 187.395100899 186.064854147 184.734607395 183.404360643 182.074113891 180.743867139 179.413620387 178.083373635 176.753126883 175.422880131 174.092633379 172.762386627 171.432139875 170.101893123 168.771646371 167.441399619 166.111152867 164.780906115 163.450659363 162.120412611 160.790165859 159.459919108 158.129672356 156.799425604 155.469178852 154.1389321 152.808685348 151.478438596 150.148191844 148.817945092 147.48769834 146.157451588 
0 2 0 0.075 201.962925085 203.293171837 204.623418589 205.953665341 207.283912093 208.614158845 209.944405597 211.274652349 212.604899101 213.935145853 215.265392605 216.595639357 217.925886109 219.256132861 220.586379613 221.916626365 223.246873117 224.577119869 225.907366621 227.237613373 228.567860125 229.898106877 231.228353629 232.558600381 233.888847133 235.219093885 236.549340637 237.879587389 239.209834141 240.540080892 241.870327644 243.200574396 244.530821148 245.8610679 247.191314652 248.521561404 249.851808156 251.182054908 252.51230166 253.842548412 

0 0 0.075 0.075 199.804542627 199.672083912 199.539625196 199.407166481 199.274707765 199.14224905 199.009790335 198.877331619 198.744872904 198.612414188 198.479955473 198.347496757 198.215038042 198.082579326 197.950120611 197.817661896 197.68520318 197.552744465 197.420285749 197.287827034 197.155368318 197.022909603 196.890450887 196.757992172 196.625533457 196.493074741 196.360616026 196.22815731 196.095698595 195.963239879 195.830781164 195.698322449 195.565863733 195.433405018 195.300946302 195.168487587 195.036028871 194.903570156 194.77111144 194.638652725 
0 1 0.075 0.075 198.142115687 196.883053591 195.623991495 194.364929399 193.105867303 191.846805207 190.587743111 189.328681014 188.069618918 186.810556822 185.551494726 184.29243263 183.033370534 181.774308438 180.515246342 179.256184245 177.997122149 176.738060053 175.478997957 174.219935861 172.960873765 171.701811669 170.442749572 169.183687476 167.92462538 166.665563284 165.406501188 164.147439092 162.888376996 161.629314899 160.370252803 159.111190707 157.852128611 156.593066515 155.334004419 154.074942323 152.815880227 151.55681813 150.297756034 149.038693938 
0 2 0.075 0.075 202.053341685 203.444862497 204.836383309 206.22790412 207.619424932 209.010945743 210.402466555 211.793987366 213.185508178 214.57702899 215.968549801 217.360070613 218.751591424 220.143112236 221.534633047 222.926153859 224.317674671 225.709195482 227.100716294 228.492237105 229.883757917 231.275278729 232.66679954 234.058320352 235.449841163 236.841361975 238.232882786 239.624403598 241.01592441 242.407445221 243.798966033 245.190486844 246.582007656 247.973528467 249.365049279 250.756570091 252.148090902 253.539611714 254.931132525 256.322653337 

0 0 0.15 0.075 199.610714456 199.346901112 199.083087767 198.819274423 198.555461079 198.291647735 198.027834391 197.764021047 197.500207703 197.236394359 196.972581014 196.70876767 196.444954326 196.181140982 195.917327638 195.653514294 195.38970095 195.125887606 194.862074262 194.598260917 194.334447573 194.070634229 193.806820885 193.543007541 193.279194197 193.015380853 192.751567509 192.487754164 192.22394082 191.960127476 191.696314132 191.432500788 191.168687444 190.9048741 190.641060756 190.377247411 190.113434067 189.849620723 189.585807379 189.321994035 
0 1 0.15 0.075 198.260885429 197.082311917 195.903738406 194.725164895 193.546591384 192.368017873 191.189444361 190.01087085 188.832297339 187.653723828 186.475150316 185.296576805 184.118003294 182.939429783 181.760856272 180.58228276 179.403709249 178.225135738 177.046562227 175.867988716 174.689415204 173.510841693 172.332268182 171.153694671 169.97512116 168.796547648 167.617974137 166.439400626 165.260827115 164.082253604 162.903680092 161.725106581 160.54653307 159.367959559 158.189386047 157.010812536 155.832239025 154.653665514 153.475092003 152.296518491 
0 2 0.15 0.075 202.128400116 203.570786971 205.013173826 206.455560682 207.897947537 209.340334392 210.782721248 212.225108103 213.667494958 215.109881814 216.552268669 217.994655524 219.43704238 220.879429235 222.32181609 223.764202946 225.206589801 226.648976656 228.091363512 229.533750367 230.976137222 232.418524078 233.860910933 235.303297788 236.745684644 238.188071499 239.630458354 241.07284521 242.515232065 243.95761892 245.400005776 246.842392631 248.284779486 249.727166342 251.169553197 252.611940052 254.054326908 255.496713763 256.939100618 258.381487474 

