#Turbine    Blade    Time(s)    dt(s)    y-location(m)
0 0 0 0.075 4.90103932411 4.83397451603 4.76690970796 4.69984489988 4.63278009181 4.56571528374 4.49865047566 4.43158566759 4.36452085951 4.29745605144 4.23039124337 4.16332643529 4.09626162722 4.02919681914 3.96213201107 3.89506720299 3.82800239492 3.76093758685 3.69387277877 3.6268079707 3.55974316262 3.49267835455 3.42561354647 3.3585487384 3.29148393033 3.22441912225 3.15735431418 3.0902895061 3.02322469803 2.95615988996 2.88909508188 2.82203027381 2.75496546573 2.68790065766 2.62083584958 2.55377104151 2.48670623344 2.41964142536 2.35257661729 2.28551180921 
0 1 0 0.075 5.19735891187 5.33110572526 5.46485253864 5.59859935203 5.73234616541 5.8660929788 5.99983979218 6.13358660557 6.26733341895 6.40108023234 6.53482704572 6.66857385911 6.80232067249 6.93606748588 7.06981429926 7.20356111265 7.33730792603 7.47105473942 7.6048015528 7.73854836619 7.87229517957 8.00604199296 8.13978880634 8.27353561973 8.40728243312 8.5410292465 8.67477605989 8.80852287327 8.94226968666 9.07601650004 9.20976331343 9.34351012681 9.4772569402 9.61100375358 9.74475056697 9.87849738035 10.0122441937 10.1459910071 10.2797378205 10.4134846339 
0 2 0 0.075 5.19735891187 5.33110572526 5.46485253864 5.59859935203 5.73234616541 5.8660929788 5.99983979218 6.13358660557 6.26733341895 6.40108023234 6.53482704572 6.66857385911 6.80232067249 6.93606748588 7.06981429926 7.20356111265 7.33730792603 7.47105473942 7.6048015528 7.73854836619 7.87229517957 8.00604199296 8.13978880634 8.27353561973 8.40728243312 8.5410292465 8.67477605989 8.80852287327 8.94226968666 9.07601650004 9.20976331343 9.34351012681 9.4772569402 9.61100375358 9.74475056697 9.87849738035 10.0122441937 10.1459910071 10.2797378205 10.4134846339 

0 0 0.075 0.075 4.90177520357 4.83520909067 4.76864297776 4.70207686486 4.63551075196 4.56894463906 4.50237852616 4.43581241326 4.36924630035 4.30268018745 4.23611407455 4.16954796165 4.10298184875 4.03641573584 3.96984962294 3.90328351004 3.83671739714 3.77015128424 3.70358517133 3.63701905843 3.57045294553 3.50388683263 3.43732071973 3.37075460683 3.30418849392 3.23762238102 3.17105626812 3.10449015522 3.03792404232 2.97135792941 2.90479181651 2.83822570361 2.77165959071 2.70509347781 2.6385273649 2.571961252 2.5053951391 2.4388290262 2.3722629133 2.3056968004 
0 1 0.075 0.075 5.21174391624 5.35523924499 5.49873457374 5.64222990248 5.78572523123 5.92922055998 6.07271588872 6.21621121747 6.35970654621 6.50320187496 6.64669720371 6.79019253245 6.9336878612 7.07718318995 7.22067851869 7.36417384744 7.50766917618 7.65116450493 7.79465983368 7.93815516242 8.08165049117 8.22514581991 8.36864114866 8.51213647741 8.65563180615 8.7991271349 8.94262246365 9.08611779239 9.22961312114 9.37310844988 9.51660377863 9.66009910738 9.80359443612 9.94708976487 10.0905850936 10.2340804224 10.3775757511 10.5210710799 10.6645664086 10.8080617373 
0 2 0.075 0.075 5.18223802803 5.30573763089 5.42923723374 5.55273683659 5.67623643944 5.79973604229 5.92323564515 6.046735248 6.17023485085 6.2937344537 6.41723405655 6.54073365941 6.66423326226 6.78773286511 6.91123246796 7.03473207081 7.15823167366 7.28173127652 7.40523087937 7.52873048222 7.65223008507 7.77572968792 7.89922929078 8.02272889363 8.14622849648 8.26972809933 8.39322770218 8.51672730504 8.64022690789 8.76372651074 8.88722611359 9.01072571644 9.13422531929 9.25772492215 9.381224525 9.50472412785 9.6282237307 9.75172333355 9.87522293641 9.99872253926 

0 0 0.15 0.075 4.90397473013 4.83889920548 4.77382368082 4.70874815617 4.64367263151 4.57859710686 4.51352158221 4.44844605755 4.3833705329 4.31829500824 4.25321948359 4.18814395894 4.12306843428 4.05799290963 3.99291738497 3.92784186032 3.86276633567 3.79769081101 3.73261528636 3.6675397617 3.60246423705 3.5373887124 3.47231318774 3.40723766309 3.34216213843 3.27708661378 3.21201108913 3.14693556447 3.08186003982 3.01678451516 2.95170899051 2.88663346585 2.8215579412 2.75648241655 2.69140689189 2.62633136724 2.56125584258 2.49618031793 2.43110479328 2.36602926862 
0 1 0.15 0.075 5.22527412645 5.37793868856 5.53060325067 5.68326781277 5.83593237488 5.98859693699 6.1412614991 6.29392606121 6.44659062331 6.59925518542 6.75191974753 6.90458430964 7.05724887175 7.20991343385 7.36257799596 7.51524255807 7.66790712018 7.82057168229 7.97323624439 8.1259008065 8.27856536861 8.43122993072 8.58389449283 8.73655905493 8.88922361704 9.04188817915 9.19455274126 9.34721730337 9.49988186548 9.65254642758 9.80521098969 9.9578755518 10.1105401139 10.263204676 10.4158692381 10.5685338002 10.7211983623 10.8738629244 11.0265274866 11.1791920487 
0 2 0.15 0.075 5.16650829127 5.27934807251 5.39218785375 5.505027635 5.61786741624 5.73070719748 5.84354697872 5.95638675996 6.06922654121 6.18206632245 6.29490610369 6.40774588493 6.52058566617 6.63342544742 6.74626522866 6.8591050099 6.97194479114 7.08478457239 7.19762435363 7.31046413487 7.42330391611 7.53614369735 7.6489834786 7.76182325984 7.87466304108 7.98750282232 8.10034260356 8.21318238481 8.32602216605 8.43886194729 8.55170172853 8.66454150978 8.77738129102 8.89022107226 9.0030608535 9.11590063474 9.22874041599 9.34158019723 9.45441997847 9.56725975971 

