#Turbine    Blade    Time(s)    dt(s)    z-location(m)
0 0 0 0.075 92.2665940411 93.8026306818 95.3386673225 96.8747039632 98.4107406039 99.9467772445 101.482813885 103.018850526 104.554887167 106.090923807 107.626960448 109.162997089 110.699033729 112.23507037 113.771107011 115.307143651 116.843180292 118.379216933 119.915253573 121.451290214 122.987326855 124.523363495 126.059400136 127.595436777 129.131473418 130.667510058 132.203546699 133.73958334 135.27561998 136.811656621 138.347693262 139.883729902 141.419766543 142.955803184 144.491839824 146.027876465 147.563913106 149.099949746 150.635986387 152.172023028 
0 1 0 0.075 88.8796456547 88.1203949591 87.3611442635 86.6018935679 85.8426428723 85.0833921767 84.3241414811 83.5648907855 82.8056400899 82.0463893943 81.2871386987 80.5278880031 79.7686373075 79.0093866119 78.2501359163 77.4908852207 76.7316345251 75.9723838295 75.2131331339 74.4538824383 73.6946317426 72.935381047 72.1761303514 71.4168796558 70.6576289602 69.8983782646 69.139127569 68.3798768734 67.6206261778 66.8613754822 66.1021247866 65.342874091 64.5836233954 63.8243726998 63.0651220042 62.3058713086 61.546620613 60.7873699174 60.0281192218 59.2688685262 
0 2 0 0.075 88.8796456547 88.1203949591 87.3611442635 86.6018935679 85.8426428723 85.0833921767 84.3241414811 83.5648907855 82.8056400899 82.0463893943 81.2871386987 80.5278880031 79.7686373075 79.0093866119 78.2501359163 77.4908852207 76.7316345251 75.9723838295 75.2131331339 74.4538824382 73.6946317426 72.935381047 72.1761303514 71.4168796558 70.6576289602 69.8983782646 69.139127569 68.3798768734 67.6206261778 66.8613754822 66.1021247866 65.342874091 64.5836233954 63.8243726998 63.0651220042 62.3058713086 61.546620613 60.7873699174 60.0281192218 59.2688685262 

0 0 0.075 0.075 92.2581829004 93.7885194292 95.318855958 96.8491924867 98.3795290155 99.9098655443 101.440202073 102.970538602 104.500875131 106.031211659 107.561548188 109.091884717 110.622221246 112.152557775 113.682894303 115.213230832 116.743567361 118.27390389 119.804240418 121.334576947 122.864913476 124.395250005 125.925586534 127.455923062 128.986259591 130.51659612 132.046932649 133.577269177 135.107605706 136.637942235 138.168278764 139.698615293 141.228951821 142.75928835 144.289624879 145.819961408 147.350297936 148.880634465 150.410970994 151.941307523 
0 1 0.075 0.075 88.7152243023 87.8445475662 86.9738708302 86.1031940941 85.2325173581 84.361840622 83.491163886 82.6204871499 81.7498104139 80.8791336778 80.0084569418 79.1377802057 78.2671034697 77.3964267336 76.5257499976 75.6550732615 74.7843965255 73.9137197894 73.0430430534 72.1723663173 71.3016895813 70.4310128452 69.5603361092 68.6896593731 67.8189826371 66.948305901 66.077629165 65.2069524289 64.3362756928 63.4655989568 62.5949222207 61.7242454847 60.8535687486 59.9828920126 59.1122152765 58.2415385405 57.3708618044 56.5001850684 55.6295083323 54.7588315963 
0 2 0.075 0.075 89.0524781478 88.4103536045 87.7682290613 87.126104518 86.4839799748 85.8418554315 85.1997308883 84.557606345 83.9154818018 83.2733572585 82.6312327153 81.9891081721 81.3469836288 80.7048590856 80.0627345423 79.4206099991 78.7784854558 78.1363609126 77.4942363693 76.8521118261 76.2099872828 75.5678627396 74.9257381963 74.2836136531 73.6414891098 72.9993645666 72.3572400233 71.7151154801 71.0729909368 70.4308663936 69.7887418503 69.1466173071 68.5044927638 67.8623682206 67.2202436774 66.5781191341 65.9359945909 65.2938700476 64.6517455044 64.0096209611 

0 0 0.15 0.075 92.2330421968 93.7463412239 95.2596402511 96.7729392782 98.2862383053 99.7995373325 101.31283636 102.826135387 104.339434414 105.852733441 107.366032468 108.879331495 110.392630523 111.90592955 113.419228577 114.932527604 116.445826631 117.959125658 119.472424685 120.985723713 122.49902274 124.012321767 125.525620794 127.038919821 128.552218848 130.065517875 131.578816903 133.09211593 134.605414957 136.118713984 137.632013011 139.145312038 140.658611065 142.171910093 143.68520912 145.198508147 146.711807174 148.225106201 149.738405228 151.251704255 
0 1 0.15 0.075 88.560573292 87.585091739 86.6096101861 85.6341286331 84.6586470802 83.6831655272 82.7076839743 81.7322024213 80.7567208684 79.7812393154 78.8057577625 77.8302762095 76.8547946565 75.8793131036 74.9038315506 73.9283499977 72.9528684447 71.9773868918 71.0019053388 70.0264237859 69.0509422329 68.07546068 67.099979127 66.124497574 65.1490160211 64.1735344681 63.1980529152 62.2225713622 61.2470898093 60.2716082563 59.2961267034 58.3206451504 57.3451635975 56.3696820445 55.3942004916 54.4187189386 53.4432373856 52.4677558327 51.4922742797 50.5167927268 
0 2 0.15 0.075 89.2322698617 88.711987637 88.1917054123 87.6714231876 87.1511409629 86.6308587382 86.1105765135 85.5902942887 85.070012064 84.5497298393 84.0294476146 83.5091653899 82.9888831652 82.4686009405 81.9483187158 81.4280364911 80.9077542664 80.3874720416 79.8671898169 79.3469075922 78.8266253675 78.3063431428 77.7860609181 77.2657786934 76.7454964687 76.225214244 75.7049320192 75.1846497945 74.6643675698 74.1440853451 73.6238031204 73.1035208957 72.583238671 72.0629564463 71.5426742216 71.0223919969 70.5021097721 69.9818275474 69.4615453227 68.941263098 

