WindSpeed_m/s	Power_Watts	ThrustCoeff_Ct
0.1	0.037	0.7494822407
0.2	0.295	0.7488534804
0.3	0.997	0.7489233426
0.4	2.364	0.7489320754
0.5	4.617	0.7489792324
0.6	7.978	0.7489582738
0.7	12.668	0.7489433033
0.8	18.91	0.7489517242
0.9	26.924	0.7489543925
1	36.933	0.748954082
1.1	49.158	0.7489522113
1.2	63.82	0.7489582738
1.3	81.142	0.7489539332
1.4	101.345	0.7489561351
1.5	124.649	0.7489568765
1.6	151.278	0.7489566364
1.7	181.453	0.7489557355
1.8	215.394	0.7489543925
1.9	253.324	0.7489562418
2	295.465	0.7489572258
2.1	342.038	0.7489547094
2.2	393.264	0.7489574077
2.3	449.365	0.7489568871
2.4	510.564	0.7489560906
2.5	577.08	0.748955088
2.6	649.137	0.7489557934
2.7	726.955	0.7489561175
2.8	810.756	0.7489561351
2.9	900.763	0.7489559063
3	997.195	0.7489554793