WindSpeed_m/s	Power_Watts	ThrustCoeff_Ct
0.1	0.037	0.8312210756
0.2	0.299	0.8305923154
0.3	1.009	0.8306621776
0.4	2.391	0.8305923154
0.5	4.67	0.8306174658
0.6	8.07	0.8306272465
0.7	12.815	0.8306308109
0.8	19.129	0.8306316129
0.9	27.236	0.8306311277
1	37.361	0.830630041
1.1	49.727	0.8306286899
1.2	64.56	0.8306272465
1.3	82.082	0.8306257996
1.4	102.518	0.830624395
1.5	126.093	0.8306230547
1.6	153.03	0.8306267007
1.7	183.554	0.83062495
1.8	217.889	0.8306233652
1.9	256.258	0.830625408
2	298.887	0.8306237534
2.1	345.999	0.8306251078
2.2	397.819	0.8306260917
2.3	454.57	0.8306244071
2.4	516.477	0.8306250633
2.5	583.764	0.8306255139
2.6	656.655	0.8306257996
2.7	735.374	0.8306242277
2.8	820.146	0.830624395
2.9	911.195	0.8306244636
3	1008.744	0.830624452