6.874229511070314991e-02
9.869755318107586994e-02
1.409073245863565471e-01
1.895108842363569246e-01
2.420205913125376695e-01
2.880604000145741139e-01
3.168453886464299152e-01
3.296539581843758171e-01
3.283936859558628796e-01
3.149448907305453238e-01
2.906934551935578259e-01
2.566274551207810561e-01
2.135182792213095870e-01
1.619251586557514666e-01
1.022962897715778280e-01
3.497446115536764072e-02
-4.025364633427568756e-02
-1.237344266246090813e-01
-2.158318452093627438e-01
-3.169212870002410254e-01
