7.734138351449887372e-02
1.272113796325653468e-01
1.852019886128565274e-01
2.419503483586945558e-01
2.879882186194698268e-01
3.184212210117606245e-01
3.338405197928300816e-01
3.363831514392052746e-01
3.306605809097932225e-01
3.190410857890589869e-01
3.028818718779024977e-01
2.830164515260685243e-01
2.597874939971473451e-01
2.329994083833331342e-01
2.023980799476929049e-01
1.677433702275735183e-01
1.288023878742164119e-01
8.534623554626204200e-02
3.714813495223925899e-02
-1.601741192801941355e-02
