7.151653265392195202e-02
1.228492118261582805e-01
1.884945013590908214e-01
2.616875014424985268e-01
3.227518244976590456e-01
3.703772836750601205e-01
3.929967227877634306e-01
3.992861640496853104e-01
3.961249099702830456e-01
3.859821348635586458e-01
3.699872731463703657e-01
3.488255917007028750e-01
3.236702185722848402e-01
2.945957784135295743e-01
2.612996824391120021e-01
2.235009103659255369e-01
1.809307597265565615e-01
1.333271238607333931e-01
8.043102331286171303e-02
2.198474299644473384e-02
