2.845726430300210205e-02
5.562594264472270345e-02
1.041127928509438666e-01
1.713440896060812735e-01
2.432615950858957043e-01
3.105727082683023554e-01
3.690541541109169654e-01
4.152267921685274255e-01
4.431821275097093671e-01
4.587402475790515743e-01
4.674101380423773544e-01
4.702538823343772600e-01
4.675930769969841583e-01
4.597369101695961136e-01
4.481893875544541439e-01
4.349598447419212310e-01
4.205436191125913048e-01
4.049921014172543909e-01
3.882851531604061823e-01
3.703844535620106071e-01
