2.000000000000000000e+00
2.526315789473684070e+00
3.052631578947368141e+00
3.578947368421052655e+00
4.105263157894736281e+00
4.631578947368421240e+00
5.157894736842105310e+00
5.684210526315789380e+00
6.210526315789473450e+00
6.736842105263157521e+00
7.263157894736841591e+00
7.789473684210525661e+00
8.315789473684210620e+00
8.842105263157893802e+00
9.368421052631578760e+00
9.894736842105263719e+00
1.042105263157894690e+01
1.094736842105263186e+01
1.147368421052631504e+01
1.200000000000000000e+01
